0	-112.345535	0.000000	0.000000
1	-142.041199	0.000000	0.000000
2	-107.577431	0.000001	50.314465
3	-112.345535	0.000000	50.314465
4	-107.577431	0.000001	50.314465
5	-109.337570	0.000000	0.000000
6	-107.577431	0.000001	100.628929
7	-142.041199	0.000000	0.000000
8	-112.345535	0.000000	0.000000
9	-109.337570	0.000000	100.628929
10	-112.345535	0.000000	0.000000
11	-112.345535	0.000000	0.000000
12	-142.041199	0.000000	0.000000
13	-109.337570	0.000000	50.314465
14	-106.328430	0.000001	150.943390
15	-107.577431	0.000001	50.314465
16	-107.577431	0.000001	50.314465
17	-142.041199	0.000000	0.000000
18	-109.337570	0.000000	0.000000
19	-112.345535	0.000000	0.000000
20	-109.337570	0.000000	100.628929
21	-142.041199	0.000000	0.000000
22	-109.337570	0.000000	50.314465
23	-112.345535	0.000000	50.314465
24	-142.041199	0.000000	0.000000
25	-142.041199	0.000000	0.000000
26	-109.337570	0.000000	50.314465
27	-142.041199	0.000000	0.000000
28	-142.041199	0.000000	0.000000
29	-107.577431	0.000001	0.000000
30	-107.577431	0.000001	50.314465
31	-142.041199	0.000000	0.000000
32	-105.359566	0.000001	100.628929
33	-112.345535	0.000000	50.314465
34	-109.337570	0.000000	50.314465
35	-107.577431	0.000001	0.000000
36	-142.041199	0.000000	0.000000
37	-107.577431	0.000001	0.000000
38	-142.041199	0.000000	0.000000
39	-109.337570	0.000000	0.000000
40	-109.337570	0.000000	100.628929
41	-109.337570	0.000000	100.628929
42	-106.328430	0.000001	100.628929
43	-142.041199	0.000000	0.000000
44	-112.345535	0.000000	50.314465
45	-142.041199	0.000000	0.000000
46	-112.345535	0.000000	0.000000
47	-142.041199	0.000000	0.000000
48	-106.328430	0.000001	201.257858
49	-102.349731	0.000001	50.314465
50	-42.760410	0.006078	352.201263
51	-47.748310	0.003475	754.716980
52	-45.633175	0.004548	402.515717
53	-45.251095	0.004488	1106.918213
54	-45.207233	0.004659	603.773560
55	-48.799877	0.002948	1006.289307
56	-44.608036	0.004748	654.088074
57	-41.685459	0.007008	402.515717
58	-42.758625	0.005964	201.257858
59	-39.032612	0.008989	402.515717
60	-34.818195	0.016113	301.886780
61	-34.063103	0.016573	352.201263
62	-31.636309	0.022434	301.886780
63	-32.474308	0.018909	503.144653
64	-29.208235	0.029954	301.886780
65	-28.771828	0.031078	301.886780
66	-27.008118	0.039099	352.201263
67	-31.380846	0.023361	201.257858
68	-31.221176	0.024409	301.886780
69	-32.952114	0.019617	150.943390
70	-31.984447	0.021068	150.943390
71	-30.506598	0.026102	352.201263
72	-33.791721	0.016615	402.515717
73	-33.240364	0.017801	402.515717
74	-35.688789	0.012849	402.515717
75	-33.216038	0.017645	352.201263
76	-33.219639	0.018406	301.886780
77	-33.281380	0.018796	251.572327
78	-31.918825	0.021753	201.257858
79	-29.312973	0.029235	301.886780
80	-29.511972	0.026130	301.886780
81	-28.552912	0.029288	251.572327
82	-27.449745	0.035872	352.201263
83	-27.140484	0.037094	402.515717
84	-27.400003	0.033863	301.886780
85	-26.445217	0.037390	352.201263
86	-32.903103	0.019516	301.886780
87	-27.766350	0.033825	251.572327
88	-28.911196	0.031599	251.572327
89	-31.647190	0.020636	503.144653
90	-33.032955	0.016588	352.201263
91	-31.287445	0.019348	553.459106
92	-29.995180	0.024937	201.257858
93	-31.774469	0.021051	452.830200
94	-32.986946	0.018105	402.515717
95	-29.029291	0.029077	402.515717
96	-27.089186	0.037459	201.257858
97	-27.290401	0.034024	452.830200
98	-24.778473	0.043284	452.830200
99	-23.550426	0.055178	402.515717
100	-22.654921	0.060282	352.201263
101	-23.926857	0.053921	402.515717
102	-22.683058	0.055847	503.144653
103	-20.540480	0.075570	402.515717
104	-21.331600	0.071981	352.201263
105	-21.257420	0.071260	352.201263
106	-20.472910	0.079728	301.886780
107	-20.894672	0.065873	452.830200
108	-19.944548	0.082583	251.572327
109	-21.570316	0.066730	452.830200
110	-18.936079	0.095360	251.572327
111	-21.400724	0.062648	352.201263
112	-16.737419	0.106290	503.144653
113	-17.240997	0.100267	805.031433
114	-15.896902	0.128683	805.031433
115	-16.396450	0.114921	553.459106
116	-17.813293	0.103022	402.515717
117	-16.814796	0.117878	704.402527
118	-17.288313	0.111422	654.088074
119	-15.213902	0.141703	603.773560
120	-15.456709	0.130832	654.088074
121	-16.741856	0.122172	855.345886
122	-15.588284	0.134314	855.345886
123	-16.068731	0.129052	754.716980
124	-15.830709	0.134041	805.031433
125	-15.522787	0.137001	754.716980
126	-16.121702	0.129540	754.716980
127	-15.965793	0.128031	754.716980
128	-16.716043	0.121412	754.716980
129	-14.958045	0.147596	603.773560
130	-14.944557	0.142062	654.088074
131	-15.499148	0.137344	704.402527
132	-15.741914	0.128302	754.716980
133	-16.912916	0.108270	704.402527
134	-13.765587	0.163901	503.144653
135	-16.124308	0.116244	503.144653
136	-19.479307	0.082781	402.515717
137	-19.119471	0.097396	251.572327
138	-20.410715	0.083752	301.886780
139	-21.317068	0.072802	251.572327
140	-19.177759	0.089618	603.773560
141	-21.204992	0.067032	855.345886
142	-21.332909	0.068726	603.773560
143	-24.348146	0.042021	704.402527
144	-24.073435	0.054475	251.572327
145	-23.173677	0.056706	301.886780
146	-21.098293	0.072486	201.257858
147	-22.478344	0.058844	352.201263
148	-21.640448	0.063128	301.886780
149	-24.655054	0.052248	301.886780
150	-23.204241	0.059083	201.257858
151	-26.673687	0.037146	201.257858
152	-27.631794	0.033331	251.572327
153	-32.065495	0.020930	402.515717
154	-31.920628	0.021129	301.886780
155	-32.260441	0.019789	251.572327
156	-29.386236	0.028740	301.886780
157	-33.875053	0.017200	402.515717
158	-33.153290	0.018627	503.144653
159	-31.738464	0.020134	704.402527
160	-31.135191	0.024378	301.886780
161	-23.925377	0.047432	704.402527
162	-22.819826	0.053123	905.660400
163	-20.901737	0.069654	855.345886
164	-21.377617	0.066007	955.974854
165	-19.278025	0.081773	1106.918213
166	-19.571505	0.079265	603.773560
167	-24.206142	0.050773	553.459106
168	-24.695841	0.044401	201.257858
169	-28.264227	0.032788	201.257858
170	-30.386694	0.023979	1056.603760
171	-31.830885	0.019884	1308.176147
172	-32.004704	0.019048	2062.893066
173	-33.517166	0.017718	1761.006348
174	-29.567753	0.026153	1006.289307
175	-24.853962	0.047820	251.572327
176	-26.837477	0.039343	503.144653
177	-23.591417	0.052570	754.716980
178	-24.500652	0.048309	503.144653
179	-26.741795	0.036115	654.088074
180	-27.414919	0.031991	1006.289307
181	-30.217037	0.025929	603.773560
182	-30.561333	0.025135	704.402527
183	-31.428865	0.020630	2666.666748
184	-33.347198	0.016265	3371.069092
185	-36.931385	0.010481	1962.264160
186	-40.687580	0.007033	301.886780
187	-35.200821	0.015441	251.572327
188	-39.253357	0.009080	251.572327
189	-35.759548	0.012068	654.088074
190	-34.565590	0.014879	654.088074
191	-25.414343	0.033223	201.257858
192	-19.114511	0.088101	754.716980
193	-19.375582	0.083904	754.716980
194	-21.139996	0.067329	603.773560
195	-21.606922	0.061801	603.773560
196	-19.617702	0.083777	402.515717
197	-19.741295	0.080015	301.886780
198	-19.240374	0.090684	251.572327
199	-22.054459	0.065608	402.515717
200	-20.016035	0.086915	251.572327
201	-23.498215	0.058153	301.886780
202	-19.094292	0.095930	402.515717
203	-16.422062	0.115644	754.716980
204	-12.831831	0.177959	855.345886
205	-15.333198	0.124880	603.773560
206	-15.835709	0.125278	603.773560
207	-18.543274	0.087674	654.088074
208	-19.713593	0.078734	503.144653
209	-22.162462	0.066715	251.572327
210	-28.181314	0.032483	402.515717
211	-25.786488	0.042902	754.716980
212	-19.501640	0.091896	251.572327
213	-19.559601	0.088233	301.886780
214	-17.848385	0.107682	251.572327
215	-19.950584	0.081659	301.886780
216	-21.084333	0.063843	855.345886
217	-20.054026	0.076982	352.201263
218	-25.008305	0.044662	402.515717
219	-26.784691	0.037331	754.716980
220	-27.199059	0.037416	352.201263
221	-29.862509	0.027051	402.515717
222	-31.548786	0.021209	1056.603760
223	-33.479073	0.017272	1308.176147
224	-32.378506	0.019723	754.716980
225	-32.991894	0.018224	654.088074
226	-26.135372	0.040784	503.144653
227	-19.448328	0.086809	452.830200
228	-20.359880	0.077208	201.257858
229	-23.649096	0.053586	201.257858
230	-18.937449	0.092740	251.572327
231	-19.337133	0.086013	452.830200
232	-20.253557	0.069759	503.144653
233	-15.813983	0.106433	855.345886
234	-15.792873	0.100661	955.974854
235	-15.329083	0.104487	1106.918213
236	-12.900660	0.146836	955.974854
237	-13.069549	0.144015	955.974854
238	-13.868528	0.132785	704.402527
239	-12.936933	0.150817	855.345886
240	-14.545682	0.132776	704.402527
241	-16.085835	0.107589	654.088074
242	-16.463921	0.105702	654.088074
243	-15.435203	0.119928	805.031433
244	-14.825233	0.119268	805.031433
245	-15.367946	0.109488	1006.289307
246	-13.627578	0.132076	1106.918213
247	-13.264181	0.154710	1056.603760
248	-13.391957	0.175915	1106.918213
249	-14.480298	0.151629	1006.289307
250	-15.674762	0.116356	1056.603760
251	-13.807704	0.144362	955.974854
252	-16.314653	0.104073	654.088074
253	-16.732931	0.103804	704.402527
254	-17.479465	0.094453	704.402527
255	-16.219896	0.112645	905.660400
256	-16.028814	0.119018	654.088074
257	-17.644636	0.098163	452.830200
258	-18.651731	0.083822	503.144653
259	-18.961073	0.085022	402.515717
260	-19.313652	0.084405	352.201263
261	-18.813265	0.089160	603.773560
262	-20.965031	0.069304	754.716980
263	-20.791473	0.072058	503.144653
264	-19.790905	0.080433	251.572327
265	-19.231131	0.086169	301.886780
266	-19.213049	0.085878	352.201263
267	-18.925255	0.083557	654.088074
268	-20.672890	0.072482	553.459106
269	-21.157021	0.066224	503.144653
270	-21.946417	0.055261	955.974854
271	-20.920944	0.064560	654.088074
272	-20.109224	0.082561	402.515717
273	-19.225508	0.085822	553.459106
274	-18.952166	0.082890	805.031433
275	-19.346090	0.079565	805.031433
276	-20.733736	0.071171	654.088074
277	-25.058046	0.049722	301.886780
278	-29.879839	0.021346	503.144653
279	-37.118771	0.011623	352.201263
280	-38.505299	0.009356	402.515717
281	-39.027649	0.008935	402.515717
282	-37.583694	0.009816	503.144653
283	-35.140923	0.014978	150.943390
284	-34.521496	0.015886	150.943390
285	-22.787767	0.054637	251.572327
286	-18.983582	0.080860	754.716980
287	-22.749775	0.058625	1106.918213
288	-24.666719	0.045127	955.974854
289	-17.632269	0.094348	955.974854
290	-14.462876	0.145788	905.660400
291	-13.481217	0.178199	1106.918213
292	-13.526925	0.178100	1106.918213
293	-14.092237	0.159911	1106.918213
294	-13.477285	0.169759	1106.918213
295	-14.954320	0.141700	1006.289307
296	-12.820823	0.187023	754.716980
297	-14.555258	0.160107	1056.603760
298	-11.387550	0.213490	1056.603760
299	-14.055307	0.160313	1006.289307
300	-15.262558	0.132850	855.345886
301	-17.816715	0.095762	704.402527
302	-19.976336	0.079524	553.459106
303	-20.119329	0.071990	452.830200
304	-18.538015	0.095732	452.830200
305	-18.821241	0.091452	603.773560
306	-18.649305	0.089716	754.716980
307	-18.788233	0.091053	754.716980
308	-17.753700	0.098618	805.031433
309	-17.746199	0.093736	654.088074
310	-18.634848	0.093242	553.459106
311	-17.585815	0.101572	704.402527
312	-18.751486	0.095697	553.459106
313	-18.864662	0.092545	553.459106
314	-18.386049	0.096791	503.144653
315	-17.946396	0.104194	402.515717
316	-16.799347	0.115786	301.886780
317	-16.429274	0.115927	402.515717
318	-17.400949	0.105137	402.515717
319	-17.546852	0.106005	503.144653
320	-17.681210	0.100093	553.459106
321	-16.004417	0.124102	402.515717
322	-20.094715	0.065990	402.515717
323	-19.239956	0.078244	352.201263
324	-21.253336	0.064555	603.773560
325	-26.809362	0.037888	503.144653
326	-28.180279	0.029394	905.660400
327	-29.713751	0.025972	1358.490601
328	-30.219585	0.025588	1056.603760
329	-29.329536	0.026702	1408.805054
330	-31.798983	0.021439	1006.289307
331	-32.420189	0.018714	1308.176147
332	-28.867416	0.030281	452.830200
333	-25.787451	0.040283	452.830200
334	-20.409304	0.071732	905.660400
335	-19.891619	0.078103	1006.289307
336	-25.287025	0.044213	905.660400
337	-32.067135	0.020998	402.515717
338	-37.986683	0.009682	855.345886
339	-37.645737	0.010881	905.660400
340	-41.003941	0.007464	805.031433
341	-43.192165	0.005701	553.459106
342	-43.289043	0.005694	805.031433
343	-36.904392	0.010877	805.031433
344	-32.995621	0.018311	704.402527
345	-24.504496	0.046724	402.515717
346	-21.507143	0.061694	704.402527
347	-20.246689	0.075203	603.773560
348	-18.580271	0.076715	955.974854
349	-14.673694	0.124332	1157.232666
350	-15.292747	0.125361	1106.918213
351	-14.402364	0.141543	1157.232666
352	-14.516814	0.138403	1056.603760
353	-14.299817	0.144809	1006.289307
354	-14.831809	0.144063	905.660400
355	-19.666712	0.078265	754.716980
356	-26.821020	0.036217	855.345886
357	-26.436544	0.040273	603.773560
358	-26.149281	0.036906	503.144653
359	-29.568033	0.027761	654.088074
360	-30.855934	0.022381	754.716980
361	-28.973787	0.028555	805.031433
362	-23.792448	0.048330	603.773560
363	-21.389448	0.070477	452.830200
364	-19.940260	0.083670	352.201263
365	-19.516350	0.086931	352.201263
366	-20.024673	0.071207	654.088074
367	-17.528648	0.100694	955.974854
368	-17.668921	0.086169	855.345886
369	-16.636314	0.106724	855.345886
370	-13.702979	0.158983	1006.289307
371	-15.334929	0.131114	955.974854
372	-14.768345	0.154192	1106.918213
373	-16.819784	0.109262	1006.289307
374	-18.814308	0.092606	503.144653
375	-24.208153	0.051471	452.830200
376	-22.667089	0.057506	553.459106
377	-28.119848	0.030975	805.031433
378	-27.030743	0.034275	553.459106
379	-27.129560	0.036242	452.830200
380	-27.267477	0.037297	352.201263
381	-30.950052	0.022542	654.088074
382	-33.235199	0.016898	603.773560
383	-36.820030	0.011772	805.031433
384	-36.439892	0.011795	2666.666748
385	-37.129986	0.011273	2062.893066
386	-37.774460	0.010644	2415.094238
387	-42.054611	0.006415	2716.981201
388	-43.022846	0.005749	3220.125732
389	-42.033329	0.006483	1861.635254
390	-44.101460	0.004842	3119.496826
391	-48.093479	0.003227	1257.861694
392	-46.381462	0.003551	855.345886
393	-42.830910	0.005732	1056.603760
394	-45.015774	0.004550	905.660400
395	-47.856171	0.003316	855.345886
396	-34.657364	0.015676	654.088074
397	-35.492241	0.014476	654.088074
398	-35.815208	0.013857	603.773560
399	-31.270578	0.023203	704.402527
400	-26.879026	0.037744	603.773560
401	-23.279137	0.052053	754.716980
402	-18.421743	0.097778	654.088074
403	-21.211483	0.073289	603.773560
404	-22.907223	0.054995	805.031433
405	-23.430313	0.050821	855.345886
406	-23.400139	0.050906	704.402527
407	-24.959595	0.049845	553.459106
408	-22.679169	0.060566	654.088074
409	-20.152021	0.078585	754.716980
410	-19.768856	0.087147	654.088074
411	-22.377672	0.063775	754.716980
412	-23.071280	0.052550	754.716980
413	-23.064379	0.053277	805.031433
414	-25.648975	0.042973	855.345886
415	-25.773209	0.041240	855.345886
416	-21.944679	0.068900	603.773560
417	-21.608486	0.068844	654.088074
418	-22.055170	0.054559	855.345886
419	-23.388720	0.057221	654.088074
420	-26.343418	0.038094	805.031433
421	-24.427256	0.039460	754.716980
422	-23.075241	0.053691	754.716980
423	-23.294361	0.055261	452.830200
424	-22.378042	0.062143	754.716980
425	-22.443911	0.058593	553.459106
426	-23.817652	0.051526	805.031433
427	-24.212675	0.047550	1006.289307
428	-27.645252	0.032465	654.088074
429	-29.145008	0.029292	955.974854
430	-34.143440	0.016054	1157.232666
431	-37.430004	0.011343	1207.547119
432	-36.230656	0.012714	955.974854
433	-32.317257	0.020375	805.031433
434	-30.114344	0.025599	553.459106
435	-29.009829	0.027450	754.716980
436	-27.789577	0.033638	754.716980
437	-24.988050	0.043966	1106.918213
438	-25.135088	0.045927	805.031433
439	-21.200357	0.069023	603.773560
440	-22.753891	0.057094	503.144653
441	-21.580580	0.070095	402.515717
442	-20.015089	0.084896	654.088074
443	-20.540155	0.077270	603.773560
444	-23.911390	0.047853	654.088074
445	-24.150343	0.051180	704.402527
446	-22.691692	0.058714	503.144653
447	-22.634008	0.059073	352.201263
448	-19.531847	0.087624	553.459106
449	-23.241051	0.057523	301.886780
450	-26.805363	0.038274	352.201263
451	-28.308905	0.033365	402.515717
452	-27.862486	0.034838	402.515717
453	-24.525934	0.046001	754.716980
454	-18.105875	0.095533	704.402527
455	-15.939106	0.122228	754.716980
456	-15.447566	0.130836	654.088074
457	-14.680045	0.157152	704.402527
458	-16.583633	0.120526	855.345886
459	-17.682400	0.095259	955.974854
460	-18.823151	0.083957	855.345886
461	-22.346258	0.058630	603.773560
462	-23.349623	0.054801	452.830200
463	-25.020573	0.043748	654.088074
464	-25.360023	0.048427	150.943390
465	-28.737940	0.032787	201.257858
466	-30.543362	0.026395	201.257858
467	-34.611797	0.016588	150.943390
468	-39.875767	0.008717	301.886780
469	-50.903992	0.002301	553.459106
470	-54.814529	0.001536	352.201263
471	-57.236473	0.001173	201.257858
472	-62.920795	0.000591	201.257858
473	-67.096512	0.000368	251.572327
474	-71.688431	0.000192	553.459106
475	-74.710678	0.000144	503.144653
476	-76.210724	0.000128	402.515717
477	-79.188393	0.000083	503.144653
478	-75.741547	0.000132	553.459106
479	-76.340469	0.000119	503.144653
480	-76.623802	0.000118	452.830200
481	-65.231453	0.000368	704.402527
482	-58.737019	0.000926	704.402527
483	-57.335361	0.001116	251.572327
484	-53.969330	0.001667	251.572327
485	-61.014076	0.000632	251.572327
486	-77.554443	0.000108	503.144653
487	-79.787834	0.000075	553.459106
488	-84.970314	0.000041	503.144653
489	-82.298386	0.000056	654.088074
490	-81.746994	0.000057	452.830200
491	-81.108414	0.000062	1106.918213
492	-80.405052	0.000068	1610.062866
493	-82.289818	0.000059	352.201263
494	-85.430534	0.000042	301.886780
495	-85.308685	0.000035	251.572327
496	-88.020485	0.000028	452.830200
497	-85.181808	0.000040	402.515717
498	-85.808426	0.000038	251.572327
499	-87.244736	0.000026	301.886780
500	-93.319237	0.000014	301.886780
501	-89.585556	0.000024	301.886780
502	-72.245079	0.000136	654.088074
503	-52.551128	0.001763	654.088074
504	-37.315434	0.010871	654.088074
505	-33.994083	0.016295	603.773560
506	-34.432224	0.015602	654.088074
507	-30.477541	0.024824	704.402527
508	-30.187870	0.024431	654.088074
509	-30.292404	0.023621	654.088074
510	-33.231785	0.017890	654.088074
511	-34.591118	0.014911	553.459106
512	-33.100395	0.017948	553.459106
513	-33.660282	0.016255	503.144653
514	-31.155830	0.022598	654.088074
515	-25.965631	0.041906	654.088074
516	-25.103081	0.043005	654.088074
517	-27.095602	0.036290	654.088074
518	-25.647638	0.044756	654.088074
519	-26.058481	0.041067	654.088074
520	-30.992886	0.023284	654.088074
521	-28.567490	0.030899	603.773560
522	-27.280300	0.036132	654.088074
523	-24.776743	0.050225	603.773560
524	-28.389997	0.030927	603.773560
525	-30.483496	0.025344	603.773560
526	-30.597530	0.025358	553.459106
527	-32.351849	0.020591	654.088074
528	-39.142422	0.008702	754.716980
529	-37.864433	0.010554	603.773560
530	-39.213558	0.008080	805.031433
531	-34.030762	0.015810	754.716980
532	-27.334366	0.037069	654.088074
533	-31.997684	0.020902	704.402527
534	-36.635990	0.012060	654.088074
535	-33.878731	0.017465	754.716980
536	-36.221329	0.012443	754.716980
537	-33.815243	0.017484	654.088074
538	-37.244152	0.011480	654.088074
539	-34.718399	0.014947	654.088074
540	-35.704708	0.013393	603.773560
541	-32.078499	0.020074	654.088074
542	-36.200329	0.013209	654.088074
543	-39.249172	0.009592	704.402527
544	-36.966537	0.011747	704.402527
545	-35.930492	0.013145	704.402527
546	-34.440960	0.016433	704.402527
547	-28.023304	0.035124	654.088074
548	-26.467710	0.042476	654.088074
549	-27.635824	0.036770	704.402527
550	-31.530306	0.021911	654.088074
551	-38.247238	0.009295	955.974854
552	-31.737671	0.021619	704.402527
553	-31.225502	0.023993	654.088074
554	-31.993813	0.020447	704.402527
555	-33.076450	0.018964	704.402527
556	-30.372210	0.024810	654.088074
557	-28.850817	0.030555	704.402527
558	-27.765251	0.035802	704.402527
559	-25.492905	0.044946	704.402527
560	-20.537828	0.083856	654.088074
561	-24.433376	0.049862	654.088074
562	-28.333204	0.033266	654.088074
563	-27.713133	0.034680	603.773560
564	-26.891247	0.038355	704.402527
565	-27.329258	0.037540	654.088074
566	-25.920675	0.043612	654.088074
567	-26.462057	0.038804	704.402527
568	-29.170361	0.029967	654.088074
569	-34.915234	0.013947	654.088074
570	-52.242931	0.001773	704.402527
571	-51.765793	0.002146	654.088074
572	-49.955227	0.002721	704.402527
573	-50.210258	0.002454	805.031433
574	-49.450172	0.002889	704.402527
575	-51.878933	0.002149	654.088074
576	-53.441151	0.001726	855.345886
577	-52.258530	0.001973	704.402527
578	-47.442627	0.003754	654.088074
579	-46.554092	0.004156	704.402527
580	-49.896019	0.002676	654.088074
581	-53.579765	0.001663	654.088074
582	-52.741859	0.001859	805.031433
583	-52.679096	0.002005	654.088074
584	-53.273708	0.001797	704.402527
585	-54.509178	0.001517	805.031433
586	-46.544601	0.003132	1056.603760
587	-38.654076	0.009380	855.345886
588	-36.683826	0.011674	855.345886
589	-40.026554	0.008317	1006.289307
590	-42.701256	0.006040	1106.918213
591	-41.787254	0.006661	805.031433
592	-41.042992	0.007642	603.773560
593	-36.873840	0.011912	603.773560
594	-32.694820	0.018982	553.459106
595	-31.201347	0.023214	704.402527
596	-37.284744	0.011333	402.515717
597	-33.557785	0.016697	603.773560
598	-31.713280	0.020711	654.088074
599	-34.029453	0.016567	754.716980
600	-32.259003	0.020526	654.088074
601	-33.929848	0.016617	704.402527
602	-36.852531	0.011495	805.031433
603	-32.280781	0.018381	754.716980
604	-22.659113	0.063374	704.402527
605	-20.686905	0.078553	704.402527
606	-23.871992	0.053799	654.088074
607	-24.733694	0.049733	704.402527
608	-25.631701	0.044969	603.773560
609	-31.552275	0.020901	754.716980
610	-29.605871	0.026957	654.088074
611	-27.484234	0.036102	251.572327
612	-27.712063	0.032375	654.088074
613	-23.989840	0.049497	452.830200
614	-25.046394	0.047733	301.886780
615	-25.068249	0.046657	553.459106
616	-24.263252	0.049127	452.830200
617	-28.024679	0.033405	503.144653
618	-25.342405	0.039882	654.088074
619	-28.953472	0.031459	402.515717
620	-34.297432	0.015003	704.402527
621	-38.351521	0.009660	704.402527
622	-42.573971	0.006203	553.459106
623	-40.253342	0.007813	503.144653
624	-39.068459	0.008769	452.830200
625	-40.686783	0.007259	553.459106
626	-42.044994	0.007087	251.572327
627	-41.609035	0.007232	251.572327
628	-42.477558	0.006173	754.716980
629	-33.123058	0.018489	553.459106
630	-27.710855	0.033691	603.773560
631	-25.863338	0.044783	553.459106
632	-25.722025	0.040491	654.088074
633	-24.885553	0.046652	553.459106
634	-26.342644	0.040191	603.773560
635	-25.823856	0.043977	553.459106
636	-31.135040	0.022547	603.773560
637	-33.526871	0.017482	503.144653
638	-33.521984	0.017571	452.830200
639	-33.575672	0.017307	553.459106
640	-29.701481	0.026441	352.201263
641	-35.770027	0.012846	553.459106
642	-33.619434	0.017710	553.459106
643	-36.442410	0.012989	503.144653
644	-35.706234	0.012630	603.773560
645	-33.650532	0.017524	452.830200
646	-33.391499	0.015546	905.660400
647	-31.520853	0.021986	503.144653
648	-31.103800	0.022538	654.088074
649	-32.049530	0.021305	754.716980
650	-31.669636	0.020440	955.974854
651	-33.891502	0.016198	754.716980
652	-33.451366	0.017866	452.830200
653	-32.185440	0.020597	503.144653
654	-31.745518	0.021106	704.402527
655	-31.587345	0.021670	704.402527
656	-33.255730	0.018639	704.402527
657	-31.769156	0.020170	503.144653
658	-31.909044	0.020149	553.459106
659	-36.803402	0.011385	704.402527
660	-35.434341	0.013956	805.031433
661	-33.328110	0.016789	805.031433
662	-34.681568	0.013918	654.088074
663	-40.069878	0.007916	1408.805054
664	-39.263260	0.008743	1308.176147
665	-36.843159	0.011098	1257.861694
666	-34.623192	0.014576	905.660400
667	-36.808842	0.012262	805.031433
668	-39.791069	0.008294	1006.289307
669	-39.690796	0.007957	754.716980
670	-36.048985	0.012904	603.773560
671	-35.756275	0.013381	503.144653
672	-35.520828	0.014262	603.773560
673	-37.488636	0.010082	654.088074
674	-38.382580	0.009185	603.773560
675	-37.504368	0.010675	402.515717
676	-34.110802	0.016886	402.515717
677	-34.847374	0.015154	402.515717
678	-43.089836	0.004781	452.830200
679	-45.458164	0.004120	603.773560
680	-43.595440	0.005537	503.144653
681	-42.650974	0.006262	402.515717
682	-46.113689	0.004144	553.459106
683	-41.575550	0.006918	503.144653
684	-37.784321	0.010873	452.830200
685	-38.795017	0.009918	452.830200
686	-38.974373	0.009517	503.144653
687	-35.668438	0.012827	754.716980
688	-32.636402	0.019579	402.515717
689	-32.019131	0.021371	452.830200
690	-33.720490	0.016893	402.515717
691	-36.490650	0.011866	704.402527
692	-39.037182	0.009194	603.773560
693	-40.974983	0.007078	503.144653
694	-42.640747	0.005850	503.144653
695	-43.726723	0.005331	452.830200
696	-40.419262	0.007538	855.345886
697	-25.815166	0.039648	805.031433
698	-22.510900	0.062850	402.515717
699	-21.869083	0.066665	654.088074
700	-19.908575	0.080084	503.144653
701	-20.525787	0.075513	553.459106
702	-22.041233	0.058999	553.459106
703	-21.791830	0.061519	503.144653
704	-22.278694	0.059890	553.459106
705	-20.232544	0.078119	452.830200
706	-19.128061	0.087427	553.459106
707	-19.812115	0.083757	402.515717
708	-22.051004	0.064403	452.830200
709	-21.697212	0.066494	452.830200
710	-22.491835	0.056763	654.088074
711	-24.189606	0.050451	905.660400
712	-21.514973	0.069379	452.830200
713	-21.968830	0.065173	452.830200
714	-22.968315	0.057136	754.716980
715	-21.740391	0.066440	654.088074
716	-20.116802	0.086600	402.515717
717	-21.790215	0.068400	452.830200
718	-20.684755	0.077058	553.459106
719	-19.872366	0.081303	654.088074
720	-21.198994	0.065841	754.716980
721	-21.401644	0.060530	1207.547119
722	-21.307018	0.061804	704.402527
723	-21.397341	0.063302	452.830200
724	-21.346947	0.059982	855.345886
725	-20.876038	0.065311	805.031433
726	-20.915356	0.063717	905.660400
727	-21.870462	0.062380	553.459106
728	-24.992634	0.044947	805.031433
729	-31.468956	0.021408	704.402527
730	-32.577465	0.017924	1610.062866
731	-35.421829	0.013604	2314.465332
732	-33.315323	0.017549	2918.239014
733	-30.808878	0.023034	3270.440186
734	-32.092342	0.020520	3320.754639
735	-31.687439	0.020964	3522.012695
736	-30.865803	0.022972	3220.125732
737	-29.195225	0.027977	3320.754639
738	-32.499321	0.018704	3270.440186
739	-35.410736	0.013302	2968.553467
740	-38.398518	0.009665	2163.521973
741	-40.950745	0.007122	1761.006348
742	-44.267826	0.005119	1610.062866
743	-33.518375	0.013557	1157.232666
744	-23.080404	0.050933	603.773560
745	-19.922014	0.073563	1257.861694
746	-17.856024	0.095091	1257.861694
747	-15.650078	0.123055	1207.547119
748	-15.463073	0.125314	1207.547119
749	-16.240273	0.110934	1157.232666
750	-17.512905	0.095895	1056.603760
751	-17.817974	0.095212	1257.861694
752	-21.404884	0.066865	1006.289307
753	-26.442072	0.038828	654.088074
754	-28.820934	0.029244	1408.805054
755	-28.264265	0.029783	2767.295654
756	-28.748043	0.029367	2062.893066
757	-29.482351	0.026272	3169.811279
758	-29.566000	0.025674	3672.956055
759	-31.360865	0.021894	3924.528320
760	-31.310192	0.021856	2415.094238
761	-32.561943	0.019622	2163.521973
762	-33.653694	0.016778	1962.264160
763	-34.204285	0.015864	1459.119507
764	-34.805973	0.014872	603.773560
765	-25.038332	0.043242	503.144653
766	-21.952127	0.059342	905.660400
767	-19.927011	0.080913	452.830200
768	-21.264439	0.060491	805.031433
769	-20.990660	0.060002	754.716980
770	-20.011038	0.068478	704.402527
771	-20.298086	0.077665	402.515717
772	-20.093584	0.084022	251.572327
773	-20.400988	0.076850	251.572327
774	-21.062698	0.071505	352.201263
775	-20.033281	0.084026	251.572327
776	-19.920107	0.083154	352.201263
777	-20.256702	0.077161	251.572327
778	-19.374363	0.083799	352.201263
779	-17.946674	0.102242	452.830200
780	-19.030865	0.084595	352.201263
781	-20.604036	0.076051	201.257858
782	-19.708683	0.071618	805.031433
783	-16.270660	0.108005	805.031433
784	-17.687208	0.093986	855.345886
785	-20.237274	0.076421	654.088074
786	-26.228750	0.037580	603.773560
787	-27.802530	0.031776	301.886780
788	-30.057278	0.025217	553.459106
789	-30.747110	0.023134	251.572327
790	-32.892803	0.019173	251.572327
791	-33.357315	0.018314	352.201263
792	-32.483097	0.018562	402.515717
793	-35.358864	0.014145	452.830200
794	-39.206203	0.009268	805.031433
795	-30.589775	0.022337	452.830200
796	-22.406013	0.054592	1157.232666
797	-20.962580	0.063462	1006.289307
798	-20.836248	0.066039	1157.232666
799	-20.644464	0.071369	1157.232666
800	-24.967897	0.043267	955.974854
801	-33.253204	0.017742	352.201263
802	-37.487675	0.010864	603.773560
803	-42.114292	0.006185	1056.603760
804	-41.338188	0.007030	1006.289307
805	-38.935001	0.009504	1157.232666
806	-36.434319	0.012041	1308.176147
807	-35.081303	0.014316	855.345886
808	-33.420742	0.017621	503.144653
809	-27.985025	0.030624	301.886780
810	-22.677240	0.057113	452.830200
811	-22.325583	0.055674	553.459106
812	-21.967331	0.060976	704.402527
813	-24.306358	0.048924	654.088074
814	-25.665470	0.042026	503.144653
815	-25.568979	0.040315	352.201263
816	-26.678268	0.039324	402.515717
817	-30.520815	0.024847	503.144653
818	-31.344769	0.022360	1610.062866
819	-31.506912	0.021703	2213.836426
820	-31.624052	0.021503	2515.723389
821	-32.135036	0.020435	2716.981201
822	-33.413853	0.017286	2867.924561
823	-33.407120	0.017540	2515.723389
824	-38.793690	0.009243	1710.691772
825	-39.573006	0.008783	1358.490601
826	-38.855988	0.008357	1257.861694
827	-39.450859	0.009198	503.144653
828	-29.584925	0.026100	251.572327
829	-25.063751	0.042148	553.459106
830	-23.368895	0.051998	603.773560
831	-20.356329	0.075495	452.830200
832	-20.945749	0.069495	553.459106
833	-23.962538	0.048559	402.515717
834	-22.826416	0.059554	251.572327
835	-19.939287	0.085862	251.572327
836	-21.742365	0.066726	301.886780
837	-20.419380	0.073226	452.830200
838	-21.660770	0.059715	603.773560
839	-21.177700	0.061244	654.088074
840	-18.861271	0.081269	704.402527
841	-19.576403	0.079967	704.402527
842	-21.588936	0.060534	704.402527
843	-22.244459	0.061337	603.773560
844	-22.238632	0.057471	855.345886
845	-23.825602	0.048378	553.459106
846	-26.433859	0.038868	553.459106
847	-25.829416	0.038460	503.144653
848	-25.552227	0.037235	503.144653
849	-25.466274	0.037085	654.088074
850	-24.914181	0.040813	553.459106
851	-22.414816	0.058948	452.830200
852	-23.285114	0.054387	352.201263
853	-25.903255	0.042679	402.515717
854	-25.801018	0.040147	503.144653
855	-24.349684	0.049940	352.201263
856	-25.788303	0.038414	452.830200
857	-25.717239	0.040634	251.572327
858	-24.431086	0.049020	301.886780
859	-22.880665	0.053475	402.515717
860	-23.068476	0.049130	1006.289307
861	-30.260889	0.023552	402.515717
862	-29.075701	0.026097	402.515717
863	-20.995562	0.066142	402.515717
864	-21.501638	0.063990	503.144653
865	-19.831064	0.074767	503.144653
866	-20.675352	0.074542	452.830200
867	-18.173119	0.099339	452.830200
868	-20.040688	0.081212	654.088074
869	-20.716681	0.079686	553.459106
870	-20.354544	0.076047	603.773560
871	-21.448170	0.065578	754.716980
872	-21.902779	0.062619	1006.289307
873	-22.827299	0.060838	1106.918213
874	-21.556059	0.069543	1056.603760
875	-21.994003	0.065883	1106.918213
876	-21.562838	0.068566	1056.603760
877	-24.757923	0.046843	704.402527
878	-26.897923	0.039712	352.201263
879	-27.289181	0.036870	352.201263
880	-26.320213	0.040903	352.201263
881	-28.557533	0.029528	251.572327
882	-32.223385	0.019788	402.515717
883	-29.456392	0.028274	150.943390
884	-34.639824	0.013930	352.201263
885	-35.958736	0.013590	201.257858
886	-38.078613	0.009228	352.201263
887	-39.356216	0.009126	201.257858
888	-39.766106	0.008835	251.572327
889	-42.298519	0.006684	251.572327
890	-43.353905	0.005140	704.402527
891	-45.403954	0.004303	855.345886
892	-45.191212	0.004456	654.088074
893	-45.207684	0.004335	704.402527
894	-47.987015	0.003103	905.660400
895	-53.951405	0.001600	905.660400
896	-52.095432	0.001947	603.773560
897	-53.560284	0.001724	603.773560
898	-60.428204	0.000829	553.459106
899	-63.508423	0.000578	704.402527
900	-66.083817	0.000416	704.402527
901	-69.855522	0.000266	553.459106
902	-64.263771	0.000473	654.088074
903	-55.173695	0.001467	704.402527
904	-59.987446	0.000787	503.144653
905	-76.140511	0.000112	553.459106
906	-75.373543	0.000135	301.886780
907	-77.218018	0.000104	352.201263
908	-80.577713	0.000072	452.830200
909	-82.019981	0.000060	301.886780
910	-79.671440	0.000080	352.201263
911	-85.574120	0.000035	603.773560
912	-81.461746	0.000061	352.201263
913	-83.281456	0.000052	251.572327
914	-81.850266	0.000064	301.886780
915	-77.347832	0.000109	201.257858
916	-86.264931	0.000033	402.515717
917	-84.583176	0.000041	352.201263
918	-84.025101	0.000046	150.943390
919	-88.250847	0.000028	402.515717
920	-85.601578	0.000035	150.943390
921	-81.353386	0.000068	201.257858
922	-84.597725	0.000043	251.572327
923	-87.956856	0.000028	352.201263
924	-88.770828	0.000026	603.773560
925	-90.071304	0.000020	452.830200
926	-87.878601	0.000028	352.201263
927	-87.035393	0.000032	301.886780
928	-85.483826	0.000042	251.572327
929	-90.736488	0.000021	352.201263
930	-90.951370	0.000017	251.572327
931	-91.975891	0.000014	301.886780
932	-89.895042	0.000022	301.886780
933	-89.361641	0.000022	301.886780
934	-89.539841	0.000021	352.201263
935	-95.190079	0.000010	402.515717
936	-88.789917	0.000026	150.943390
937	-85.770073	0.000039	150.943390
938	-91.046829	0.000016	251.572327
939	-89.773384	0.000021	201.257858
940	-80.901344	0.000051	402.515717
941	-56.173977	0.001117	402.515717
942	-44.531036	0.004845	553.459106
943	-39.163872	0.009412	452.830200
944	-34.747494	0.014633	603.773560
945	-32.895107	0.018808	301.886780
946	-35.405224	0.014051	301.886780
947	-41.330544	0.006625	503.144653
948	-44.690544	0.004736	603.773560
949	-40.832504	0.007364	452.830200
950	-45.798477	0.004015	452.830200
951	-48.773609	0.003032	352.201263
952	-41.966129	0.006087	503.144653
953	-39.635941	0.008142	452.830200
954	-41.061546	0.007151	150.943390
955	-40.563320	0.008213	301.886780
956	-44.842129	0.004537	352.201263
957	-46.144798	0.004236	301.886780
958	-44.962402	0.004592	452.830200
959	-46.211182	0.004376	301.886780
960	-51.455021	0.002266	251.572327
961	-56.583366	0.001074	754.716980
962	-56.875973	0.001110	503.144653
963	-55.000824	0.001423	402.515717
964	-52.571041	0.002121	301.886780
965	-54.547428	0.001546	251.572327
966	-56.312187	0.001243	352.201263
967	-56.222912	0.001271	503.144653
968	-53.186260	0.001801	301.886780
969	-56.737896	0.001125	352.201263
970	-60.427982	0.000810	503.144653
971	-60.336090	0.000807	352.201263
972	-61.784046	0.000651	704.402527
973	-62.200291	0.000574	1006.289307
974	-57.330219	0.001100	654.088074
975	-57.185204	0.001093	553.459106
976	-60.394382	0.000793	805.031433
977	-60.604805	0.000699	855.345886
978	-62.858837	0.000593	955.974854
979	-63.060764	0.000554	855.345886
980	-64.251572	0.000493	1006.289307
981	-61.596699	0.000693	805.031433
982	-61.180470	0.000718	805.031433
983	-54.651192	0.001421	402.515717
984	-53.849285	0.001599	855.345886
985	-56.296879	0.001261	905.660400
986	-54.824268	0.001458	503.144653
987	-56.273632	0.001204	855.345886
988	-61.713413	0.000652	301.886780
989	-72.509430	0.000194	1106.918213
990	-71.828644	0.000206	1559.748413
991	-72.540169	0.000185	1408.805054
992	-76.943146	0.000110	1308.176147
993	-77.872414	0.000097	553.459106
994	-78.218880	0.000085	553.459106
995	-74.009811	0.000126	603.773560
996	-57.807575	0.001041	201.257858
997	-56.745705	0.001296	201.257858
998	-56.957893	0.001148	452.830200
999	-60.379158	0.000699	402.515717
1000	-74.372673	0.000140	654.088074
1001	-56.287663	0.001016	1559.748413
1002	-41.990540	0.006334	1962.264160
1003	-38.831509	0.009231	1911.949707
1004	-35.049732	0.013582	3672.956055
1005	-30.834831	0.022922	3371.069092
1006	-31.727913	0.021315	3169.811279
1007	-30.785200	0.024164	4125.786133
1008	-33.699856	0.016117	3522.012695
1009	-36.039871	0.013088	2213.836426
1010	-37.911201	0.010313	2163.521973
1011	-19.540375	0.079383	553.459106
1012	-16.781860	0.107703	805.031433
1013	-16.196966	0.116195	805.031433
1014	-16.064993	0.125923	704.402527
1015	-20.355917	0.072392	301.886780
1016	-27.437782	0.034726	352.201263
1017	-30.021494	0.026332	352.201263
1018	-31.993078	0.021548	301.886780
1019	-30.162424	0.024007	553.459106
1020	-34.325550	0.015165	754.716980
1021	-29.880413	0.026970	603.773560
1022	-31.305010	0.021403	553.459106
1023	-25.991488	0.040950	452.830200
1024	-22.294134	0.060793	553.459106
1025	-19.754883	0.077494	654.088074
1026	-20.628904	0.072385	1207.547119
1027	-23.782858	0.054783	654.088074
1028	-23.760767	0.052663	301.886780
1029	-23.776295	0.054027	402.515717
1030	-24.506924	0.049380	301.886780
1031	-31.337383	0.022160	503.144653
1032	-31.065521	0.021365	955.974854
1033	-33.053894	0.018194	2364.779785
1034	-28.412582	0.030242	3119.496826
1035	-31.800451	0.020259	3169.811279
1036	-33.762280	0.017010	2364.779785
1037	-34.521561	0.015676	2213.836426
1038	-35.723125	0.013027	1811.320801
1039	-36.092182	0.012859	905.660400
1040	-30.716930	0.022252	855.345886
1041	-26.782932	0.033143	905.660400
1042	-24.884188	0.043367	553.459106
1043	-23.551529	0.052143	805.031433
1044	-22.377441	0.059650	402.515717
1045	-23.512808	0.055495	301.886780
1046	-26.175270	0.037664	503.144653
1047	-29.898462	0.025345	503.144653
1048	-27.270000	0.036949	201.257858
1049	-24.868675	0.047792	603.773560
1050	-21.946672	0.059824	603.773560
1051	-20.222227	0.072072	704.402527
1052	-19.618484	0.077163	805.031433
1053	-21.012325	0.066294	905.660400
1054	-21.837582	0.062139	855.345886
1055	-22.538145	0.052991	805.031433
1056	-23.265827	0.053651	754.716980
1057	-26.275150	0.036921	553.459106
1058	-24.885805	0.043410	402.515717
1059	-22.535776	0.056162	352.201263
1060	-21.117390	0.073404	402.515717
1061	-20.666353	0.076703	352.201263
1062	-17.606283	0.105791	603.773560
1063	-17.534433	0.102096	1006.289307
1064	-17.769962	0.097855	1006.289307
1065	-18.057425	0.099099	1006.289307
1066	-18.828836	0.093346	754.716980
1067	-20.514776	0.076997	603.773560
1068	-21.000944	0.071746	603.773560
1069	-22.581152	0.060371	553.459106
1070	-20.976120	0.071824	704.402527
1071	-21.204409	0.074092	805.031433
1072	-22.885565	0.057857	905.660400
1073	-21.545446	0.067211	805.031433
1074	-23.013718	0.055602	603.773560
1075	-25.708096	0.038736	503.144653
1076	-26.044682	0.041015	402.515717
1077	-28.819872	0.031670	301.886780
1078	-31.634378	0.022178	402.515717
1079	-35.575527	0.013428	754.716980
1080	-34.691113	0.015337	452.830200
1081	-36.070011	0.012806	402.515717
1082	-42.082111	0.006914	402.515717
1083	-44.323269	0.004704	603.773560
1084	-45.277431	0.004387	805.031433
1085	-43.844387	0.005160	754.716980
1086	-42.845665	0.006123	654.088074
1087	-41.262318	0.007020	452.830200
1088	-42.333862	0.005938	654.088074
1089	-40.609642	0.007458	402.515717
1090	-45.525066	0.004280	654.088074
1091	-51.584663	0.002167	855.345886
1092	-50.881985	0.002456	503.144653
1093	-49.796097	0.002904	301.886780
1094	-46.870010	0.004046	150.943390
1095	-47.835499	0.003445	301.886780
1096	-51.502697	0.002163	452.830200
1097	-45.609283	0.004251	553.459106
1098	-46.581829	0.003743	301.886780
1099	-49.992725	0.002610	452.830200
1100	-45.059563	0.004463	402.515717
1101	-38.666965	0.009031	603.773560
1102	-38.200676	0.008297	905.660400
1103	-37.647587	0.011180	150.943390
1104	-38.386719	0.009826	301.886780
1105	-46.402733	0.003618	402.515717
1106	-51.619328	0.002289	150.943390
1107	-61.933113	0.000616	251.572327
1108	-69.256241	0.000280	251.572327
1109	-74.281616	0.000156	301.886780
1110	-75.675667	0.000133	452.830200
1111	-77.508621	0.000103	352.201263
1112	-72.085686	0.000207	352.201263
1113	-70.839874	0.000234	301.886780
1114	-72.488754	0.000192	402.515717
1115	-67.568146	0.000338	503.144653
1116	-52.857792	0.001694	754.716980
1117	-46.284668	0.003689	603.773560
1118	-37.198483	0.010748	654.088074
1119	-34.334782	0.015635	955.974854
1120	-25.065731	0.043727	1056.603760
1121	-22.750731	0.063566	1056.603760
1122	-25.522020	0.043303	1106.918213
1123	-27.695747	0.030648	754.716980
1124	-26.533215	0.036334	603.773560
1125	-28.843916	0.027486	603.773560
1126	-33.670700	0.017071	2213.836426
1127	-36.275707	0.012356	3672.956055
1128	-39.820442	0.008561	3622.641602
1129	-35.031704	0.010870	1509.433960
1130	-23.250006	0.044976	1207.547119
1131	-17.506569	0.090393	1257.861694
1132	-15.992460	0.117934	1157.232666
1133	-14.111870	0.147995	1006.289307
1134	-13.964462	0.151748	1056.603760
1135	-13.961216	0.158068	1056.603760
1136	-13.979196	0.155297	955.974854
1137	-18.257389	0.088150	855.345886
1138	-28.458469	0.030571	503.144653
1139	-35.077980	0.015042	251.572327
1140	-44.461357	0.005205	805.031433
1141	-49.202602	0.002834	955.974854
1142	-50.485180	0.002437	503.144653
1143	-47.513607	0.002839	855.345886
1144	-34.517151	0.014280	805.031433
1145	-19.983088	0.072663	1056.603760
1146	-13.605982	0.160121	1006.289307
1147	-14.698755	0.143837	1157.232666
1148	-17.195972	0.114156	1056.603760
1149	-23.118979	0.055184	1006.289307
1150	-30.667707	0.023314	805.031433
1151	-37.536163	0.010585	1006.289307
1152	-38.581764	0.009473	1006.289307
1153	-36.120819	0.012374	855.345886
1154	-37.883930	0.010213	402.515717
1155	-41.530045	0.006836	805.031433
1156	-39.488213	0.008793	603.773560
1157	-33.109516	0.018377	402.515717
1158	-34.373455	0.016054	352.201263
1159	-41.761600	0.007257	301.886780
1160	-45.395401	0.004646	301.886780
1161	-46.399853	0.003858	654.088074
1162	-45.535049	0.004618	301.886780
1163	-51.994308	0.002098	704.402527
1164	-51.225349	0.002284	503.144653
1165	-53.846592	0.001629	654.088074
1166	-51.505760	0.002281	452.830200
1167	-48.356277	0.003232	352.201263
1168	-52.371536	0.001923	754.716980
1169	-53.315430	0.001720	805.031433
1170	-48.709469	0.002984	905.660400
1171	-40.539223	0.006698	905.660400
1172	-30.365677	0.020631	1056.603760
1173	-20.052937	0.071214	1308.176147
1174	-20.574963	0.071234	1106.918213
1175	-19.264175	0.084702	905.660400
1176	-14.618982	0.151573	654.088074
1177	-17.419750	0.111647	905.660400
1178	-20.323877	0.069961	1006.289307
1179	-20.862978	0.064664	905.660400
1180	-20.516148	0.070670	704.402527
1181	-20.125353	0.072762	1207.547119
1182	-18.611868	0.089162	905.660400
1183	-19.297318	0.076581	1257.861694
1184	-20.532799	0.065528	1257.861694
1185	-19.807669	0.071706	1106.918213
1186	-20.902805	0.062085	1257.861694
1187	-18.729668	0.082159	1157.232666
1188	-20.615025	0.068871	754.716980
1189	-22.153652	0.063840	654.088074
1190	-22.212290	0.060817	603.773560
1191	-23.570021	0.052236	402.515717
1192	-31.259319	0.020376	654.088074
1193	-29.212273	0.028309	301.886780
1194	-34.185085	0.015681	352.201263
1195	-39.451859	0.009232	251.572327
1196	-46.956795	0.003458	553.459106
1197	-48.601452	0.003134	352.201263
1198	-50.685009	0.002383	402.515717
1199	-53.885757	0.001654	553.459106
1200	-49.344845	0.002713	301.886780
1201	-53.212463	0.001796	452.830200
1202	-53.220024	0.001637	704.402527
1203	-52.958328	0.001828	503.144653
1204	-57.648197	0.001021	654.088074
1205	-59.837101	0.000846	1006.289307
1206	-59.178761	0.000875	1106.918213
1207	-61.814037	0.000578	1257.861694
1208	-66.082382	0.000403	1459.119507
1209	-63.082867	0.000602	553.459106
1210	-61.276707	0.000728	553.459106
1211	-62.236904	0.000598	805.031433
1212	-54.568413	0.001363	503.144653
1213	-49.352592	0.002868	603.773560
1214	-43.701736	0.005569	553.459106
1215	-53.990650	0.001573	654.088074
1216	-49.608276	0.002604	352.201263
1217	-48.908779	0.002758	150.943390
1218	-60.181892	0.000740	603.773560
1219	-63.329899	0.000539	905.660400
1220	-63.570786	0.000542	905.660400
1221	-66.786812	0.000384	654.088074
1222	-68.229126	0.000288	855.345886
1223	-70.267128	0.000256	754.716980
1224	-74.247871	0.000157	905.660400
1225	-69.464798	0.000287	402.515717
1226	-71.000465	0.000225	855.345886
1227	-68.029808	0.000313	1408.805054
1228	-66.784637	0.000372	1207.547119
1229	-66.595322	0.000379	1459.119507
1230	-67.237251	0.000360	1610.062866
1231	-70.229118	0.000244	1408.805054
1232	-67.725471	0.000321	1660.377319
1233	-67.925247	0.000317	1610.062866
1234	-64.348114	0.000483	1962.264160
1235	-67.029541	0.000352	1408.805054
1236	-68.414444	0.000303	1459.119507
1237	-67.066177	0.000355	1610.062866
1238	-66.967354	0.000348	1660.377319
1239	-69.152061	0.000282	1660.377319
1240	-66.543343	0.000379	1509.433960
1241	-68.229462	0.000284	1660.377319
1242	-67.721428	0.000325	955.974854
1243	-68.615379	0.000289	1106.918213
1244	-70.552956	0.000229	1660.377319
1245	-71.861511	0.000202	1408.805054
1246	-69.429855	0.000256	1660.377319
1247	-70.744911	0.000221	1559.748413
1248	-71.436340	0.000205	1559.748413
1249	-70.386505	0.000233	1006.289307
1250	-63.427303	0.000578	402.515717
1251	-62.913177	0.000623	402.515717
1252	-71.532410	0.000202	1056.603760
1253	-72.877335	0.000175	1106.918213
1254	-71.423340	0.000212	1710.691772
1255	-74.140305	0.000151	1207.547119
